D
0.000000 0.000000 FF0000FF, 0.200000 0.200000 FF9900FF, 0.200000 0.000000 FF9900FF
0.000000 0.000000 FF0000FF, 0.200000 0.200000 FF9900FF, 0.000000 0.200000 FF0000FF
0.000000 0.200000 FF0000FF, 0.200000 0.400000 FF9900FF, 0.200000 0.200000 FF9900FF
0.000000 0.200000 FF0000FF, 0.200000 0.400000 FF9900FF, 0.000000 0.400000 FF0000FF
0.000000 0.400000 FF0000FF, 0.200000 0.600000 FF9900FF, 0.200000 0.400000 FF9900FF
0.000000 0.400000 FF0000FF, 0.200000 0.600000 FF9900FF, 0.000000 0.600000 FF0000FF
0.000000 0.600000 FF0000FF, 0.200000 0.800000 FF9900FF, 0.200000 0.600000 FF9900FF
0.000000 0.600000 FF0000FF, 0.200000 0.800000 FF9900FF, 0.000000 0.800000 FF0000FF
0.000000 0.800000 FF0000FF, 0.200000 1.000000 FF9900FF, 0.200000 0.800000 FF9900FF
0.000000 0.800000 FF0000FF, 0.200000 1.000000 FF9900FF, 0.000000 1.000000 FF0000FF
0.200000 0.000000 FF9900FF, 0.400000 0.200000 FFFF00FF, 0.400000 0.000000 FFFF00FF
0.200000 0.000000 FF9900FF, 0.400000 0.200000 FFFF00FF, 0.200000 0.200000 FF9900FF
0.200000 0.200000 FF9900FF, 0.400000 0.400000 FFFF00FF, 0.400000 0.200000 FFFF00FF
0.200000 0.200000 FF9900FF, 0.400000 0.400000 FFFF00FF, 0.200000 0.400000 FF9900FF
0.200000 0.400000 FF9900FF, 0.400000 0.600000 FFFF00FF, 0.400000 0.400000 FFFF00FF
0.200000 0.400000 FF9900FF, 0.400000 0.600000 FFFF00FF, 0.200000 0.600000 FF9900FF
0.200000 0.600000 FF9900FF, 0.400000 0.800000 FFFF00FF, 0.400000 0.600000 FFFF00FF
0.200000 0.600000 FF9900FF, 0.400000 0.800000 FFFF00FF, 0.200000 0.800000 FF9900FF
0.200000 0.800000 FF9900FF, 0.400000 1.000000 FFFF00FF, 0.400000 0.800000 FFFF00FF
0.200000 0.800000 FF9900FF, 0.400000 1.000000 FFFF00FF, 0.200000 1.000000 FF9900FF
0.400000 0.000000 FFFF00FF, 0.600000 0.200000 00FF00FF, 0.600000 0.000000 00FF00FF
0.400000 0.000000 FFFF00FF, 0.600000 0.200000 00FF00FF, 0.400000 0.200000 FFFF00FF
0.400000 0.200000 FFFF00FF, 0.600000 0.400000 00FF00FF, 0.600000 0.200000 00FF00FF
0.400000 0.200000 FFFF00FF, 0.600000 0.400000 00FF00FF, 0.400000 0.400000 FFFF00FF
0.400000 0.400000 FFFF00FF, 0.600000 0.600000 00FF00FF, 0.600000 0.400000 00FF00FF
0.400000 0.400000 FFFF00FF, 0.600000 0.600000 00FF00FF, 0.400000 0.600000 FFFF00FF
0.400000 0.600000 FFFF00FF, 0.600000 0.800000 00FF00FF, 0.600000 0.600000 00FF00FF
0.400000 0.600000 FFFF00FF, 0.600000 0.800000 00FF00FF, 0.400000 0.800000 FFFF00FF
0.400000 0.800000 FFFF00FF, 0.600000 1.000000 00FF00FF, 0.600000 0.800000 00FF00FF
0.400000 0.800000 FFFF00FF, 0.600000 1.000000 00FF00FF, 0.400000 1.000000 FFFF00FF
0.600000 0.000000 00FF00FF, 0.800000 0.200000 0000FFFF, 0.800000 0.000000 0000FFFF
0.600000 0.000000 00FF00FF, 0.800000 0.200000 0000FFFF, 0.600000 0.200000 00FF00FF
0.600000 0.200000 00FF00FF, 0.800000 0.400000 0000FFFF, 0.800000 0.200000 0000FFFF
0.600000 0.200000 00FF00FF, 0.800000 0.400000 0000FFFF, 0.600000 0.400000 00FF00FF
0.600000 0.400000 00FF00FF, 0.800000 0.600000 0000FFFF, 0.800000 0.400000 0000FFFF
0.600000 0.400000 00FF00FF, 0.800000 0.600000 0000FFFF, 0.600000 0.600000 00FF00FF
0.600000 0.600000 00FF00FF, 0.800000 0.800000 0000FFFF, 0.800000 0.600000 0000FFFF
0.600000 0.600000 00FF00FF, 0.800000 0.800000 0000FFFF, 0.600000 0.800000 00FF00FF
0.600000 0.800000 00FF00FF, 0.800000 1.000000 0000FFFF, 0.800000 0.800000 0000FFFF
0.600000 0.800000 00FF00FF, 0.800000 1.000000 0000FFFF, 0.600000 1.000000 00FF00FF
0.800000 0.000000 0000FFFF, 1.000000 0.200000 6600FFFF, 1.000000 0.000000 6600FFFF
0.800000 0.000000 0000FFFF, 1.000000 0.200000 6600FFFF, 0.800000 0.200000 0000FFFF
0.800000 0.200000 0000FFFF, 1.000000 0.400000 6600FFFF, 1.000000 0.200000 6600FFFF
0.800000 0.200000 0000FFFF, 1.000000 0.400000 6600FFFF, 0.800000 0.400000 0000FFFF
0.800000 0.400000 0000FFFF, 1.000000 0.600000 6600FFFF, 1.000000 0.400000 6600FFFF
0.800000 0.400000 0000FFFF, 1.000000 0.600000 6600FFFF, 0.800000 0.600000 0000FFFF
0.800000 0.600000 0000FFFF, 1.000000 0.800000 6600FFFF, 1.000000 0.600000 6600FFFF
0.800000 0.600000 0000FFFF, 1.000000 0.800000 6600FFFF, 0.800000 0.800000 0000FFFF
0.800000 0.800000 0000FFFF, 1.000000 1.000000 6600FFFF, 1.000000 0.800000 6600FFFF
0.800000 0.800000 0000FFFF, 1.000000 1.000000 6600FFFF, 0.800000 1.000000 0000FFFF
0.364513 0.706351 10101010, 0.364730 0.696741 10101010, 0.374340 0.232175 10101010
0.517777 0.461074 11111111, 0.517765 0.463662 11111111, 0.515177 0.154558 11111111
0.806757 0.898160 12121212, 0.806725 0.893934 12121212, 0.802499 0.297967 12121212
0.585803 0.230934 13131313, 0.585640 0.239678 13131313, 0.576896 0.079947 13131313
0.028840 0.647938 14141414, 0.028844 0.646374 14141414, 0.030409 0.215457 14141414
0.231361 0.837062 15151515, 0.231565 0.827609 15151515, 0.241018 0.275801 15151515
0.259713 0.284158 16161616, 0.259715 0.285377 16161616, 0.260934 0.095126 16161616
0.744560 0.814783 17171717, 0.744324 0.804970 17171717, 0.734510 0.268245 17171717
0.928312 0.635121 18181818, 0.928141 0.626212 18181818, 0.919233 0.208680 18181818
0.215217 0.097140 19191919, 0.215481 0.107123 19191919, 0.225464 0.035796 19191919
0.895810 0.203558 1A1A1A1A, 0.895773 0.208098 1A1A1A1A, 0.891233 0.069379 1A1A1A1A
0.785668 0.738121 1B1B1B1B, 0.785506 0.729376 1B1B1B1B, 0.776761 0.243071 1B1B1B1B
0.611225 0.727409 1C1C1C1C, 0.611024 0.718014 1C1C1C1C, 0.601630 0.239271 1C1C1C1C
0.187384 0.563158 1D1D1D1D, 0.187432 0.558008 1D1D1D1D, 0.192582 0.185986 1D1D1D1D
0.680471 0.405896 1E1E1E1E, 0.680464 0.407975 1E1E1E1E, 0.678384 0.135994 1E1E1E1E
0.582965 0.437483 1F1F1F1F, 0.582806 0.446142 1F1F1F1F, 0.574147 0.148767 1F1F1F1F
0.551805 0.433241 20202020, 0.551778 0.437148 20202020, 0.547871 0.145725 20202020
0.984436 0.084384 21212121, 0.984331 0.091696 21212121, 0.977018 0.030600 21212121
0.217872 0.888699 22222222, 0.217899 0.884792 22222222, 0.221806 0.294921 22222222
0.194922 0.366100 23232323, 0.195173 0.376022 23232323, 0.205095 0.125424 23232323
0.640828 0.613147 24242424, 0.640607 0.603491 24242424, 0.630950 0.201090 24242424
0.440016 0.276467 25252525, 0.440216 0.285862 25252525, 0.449611 0.095354 25252525
0.648793 0.578814 26262626, 0.648639 0.570244 26262626, 0.640069 0.190030 26262626
0.748070 0.217994 27272727, 0.748065 0.219558 27272727, 0.746501 0.073187 27272727
0.951476 0.556810 28282828, 0.951375 0.549618 28282828, 0.944182 0.183172 28282828
0.828333 0.066439 29292929, 0.828331 0.067484 29292929, 0.827286 0.022495 29292929
0.308054 0.734886 2A2A2A2A, 0.308139 0.728195 2A2A2A2A, 0.314830 0.242703 2A2A2A2A
0.807184 0.692984 2B2B2B2B, 0.807180 0.691419 2B2B2B2B, 0.805615 0.230472 2B2B2B2B
0.374523 0.452681 2C2C2C2C, 0.374781 0.462640 2C2C2C2C, 0.384740 0.154299 2C2C2C2C
0.840388 0.638600 2D2D2D2D, 0.840356 0.634374 2D2D2D2D, 0.836130 0.211447 2D2D2D2D
0.985809 0.538865 2E2E2E2E, 0.985541 0.528875 2E2E2E2E, 0.975551 0.176202 2E2E2E2E
0.450209 0.146306 2F2F2F2F, 0.450287 0.152733 2F2F2F2F, 0.456715 0.050937 2F2F2F2F
0.216437 0.968871 30303030, 0.216705 0.958881 30303030, 0.226695 0.319538 30303030
0.562426 0.374157 31313131, 0.562325 0.381350 31313131, 0.555132 0.127150 31313131
0.135685 0.845973 32323232, 0.135737 0.840674 32323232, 0.141036 0.280207 32323232
0.767388 0.967254 33333333, 0.767133 0.957312 33333333, 0.757192 0.319019 33333333
0.353923 0.164129 34343434, 0.353931 0.166208 34343434, 0.356010 0.055405 34343434
0.425184 0.879055 35353535, 0.425269 0.872364 35353535, 0.431960 0.290760 35353535
0.874477 0.561357 36363636, 0.874450 0.557450 36363636, 0.870543 0.185808 36363636
0.002411 0.029328 37373737, 0.002430 0.032584 37373737, 0.005685 0.010868 37373737
0.039033 0.447859 38383838, 0.039134 0.455052 38383838, 0.046327 0.151718 38383838
0.592212 0.693350 39393939, 0.592204 0.691271 39393939, 0.590125 0.230421 39393939
0.115970 0.612934 3A3A3A3A, 0.116052 0.606374 3A3A3A3A, 0.122612 0.202097 3A3A3A3A
0.055635 0.057222 3B3B3B3B, 0.055903 0.067213 3B3B3B3B, 0.065893 0.022493 3B3B3B3B
0.948393 0.807367 3C3C3C3C, 0.948205 0.798164 3C3C3C3C, 0.939002 0.265992 3C3C3C3C
0.756767 0.775842 3D3D3D3D, 0.756727 0.771147 3D3D3D3D, 0.752033 0.257036 3D3D3D3D
0.683950 0.988037 3E3E3E3E, 0.683846 0.980724 3E3E3E3E, 0.676533 0.326873 3E3E3E3E
0.566576 0.252785 3F3F3F3F, 0.566571 0.254521 3F3F3F3F, 0.564834 0.084842 3F3F3F3F
0.570177 0.021607 40404040, 0.570069 0.029038 40404040, 0.562638 0.009715 40404040
0.815485 0.358013 41414141, 0.815466 0.361268 41414141, 0.812211 0.120429 41414141
0.746818 0.803888 42424242, 0.746598 0.794231 42424242, 0.736941 0.264670 42424242
0.295785 0.025178 43434343, 0.296056 0.035173 43434343, 0.306051 0.011815 43434343
0.522996 0.080081 44444444, 0.522981 0.083004 44444444, 0.520057 0.027673 44444444
0.387738 0.260842 45454545, 0.387896 0.269500 45454545, 0.396555 0.089886 45454545
0.418744 0.879543 46464646, 0.418961 0.869933 46464646, 0.428571 0.289906 46464646
0.024232 0.167821 47474747, 0.024306 0.174114 47474747, 0.030599 0.058063 47474747
0.899869 0.525498 48484848, 0.899673 0.516164 48484848, 0.890339 0.171989 48484848
0.649648 0.268166 49494949, 0.649400 0.278066 49494949, 0.639501 0.092771 49494949
0.870418 0.778832 4A4A4A4A, 0.870405 0.776076 4A4A4A4A, 0.867649 0.258688 4A4A4A4A
0.688803 0.326579 4B4B4B4B, 0.688751 0.331877 4B4B4B4B, 0.683452 0.110643 4B4B4B4B
0.231544 0.938932 4C4C4C4C, 0.231548 0.937368 4C4C4C4C, 0.233113 0.312455 4C4C4C4C
0.450942 0.650441 4D4D4D4D, 0.450947 0.648705 4D4D4D4D, 0.452683 0.216233 4D4D4D4D
0.793054 0.792688 4E4E4E4E, 0.793044 0.790269 4E4E4E4E, 0.790624 0.263419 4E4E4E4E
0.973052 0.102695 4F4F4F4F, 0.973012 0.107389 4F4F4F4F, 0.968318 0.035810 4F4F4F4F
0.162664 0.286325 50505050, 0.162675 0.288913 50505050, 0.165264 0.096308 50505050
0.184179 0.432813 51515151, 0.184441 0.442786 51515151, 0.194413 0.147682 51515151
0.560106 0.829554 52525252, 0.560097 0.827305 52525252, 0.557848 0.275765 52525252
0.071627 0.634266 53535353, 0.071768 0.625977 53535353, 0.080058 0.208612 53535353
0.434492 0.345408 54545454, 0.434494 0.346454 54545454, 0.435539 0.115485 54545454
0.374279 0.500809 55555555, 0.374337 0.495217 55555555, 0.379929 0.165053 55555555
0.929746 0.682913 56565656, 0.929731 0.679989 56565656, 0.926808 0.226658 56565656
0.847621 0.999725 57575757, 0.847425 0.990392 57575757, 0.838091 0.330065 57575757
0.268166 0.930845 58585858, 0.268291 0.922966 58585858, 0.276170 0.307614 58585858
0.457869 0.137944 59595959, 0.457998 0.145929 59595959, 0.465983 0.048686 59595959
0.632038 0.644429 5A5A5A5A, 0.632033 0.642692 5A5A5A5A, 0.630297 0.214229 5A5A5A5A
0.100620 0.287729 5B5B5B5B, 0.100660 0.292423 5B5B5B5B, 0.105354 0.097488 5B5B5B5B
0.741935 0.137303 5C5C5C5C, 0.741906 0.141370 5C5C5C5C, 0.737839 0.047133 5C5C5C5C
0.720542 0.088473 5D5D5D5D, 0.720521 0.091893 5D5D5D5D, 0.717101 0.030638 5D5D5D5D
0.684805 0.931547 5E5E5E5E, 0.684651 0.922977 5E5E5E5E, 0.676081 0.307608 5E5E5E5E
0.165685 0.676626 5F5F5F5F, 0.165694 0.674376 5F5F5F5F, 0.167943 0.224789 5F5F5F5F
0.256447 0.319163 60606060, 0.256656 0.328671 60606060, 0.266164 0.109626 60606060
0.861202 0.739525 61616161, 0.861027 0.730538 61616161, 0.852040 0.243454 61616161
0.781762 0.898282 62626262, 0.781530 0.888503 62626262, 0.771751 0.296090 62626262
0.560228 0.367321 63636363, 0.559967 0.377293 63636363, 0.549995 0.125851 63636363
0.681570 0.024506 64646464, 0.681556 0.027263 64646464, 0.678800 0.009092 64646464
0.152135 0.515793 65656565, 0.152152 0.512703 65656565, 0.155242 0.170895 65656565
0.596454 0.498093 66666666, 0.596283 0.507001 66666666, 0.587374 0.169057 66666666
0.899289 0.713614 67676767, 0.899228 0.707879 67676767, 0.893492 0.235939 67676767
0.278542 0.603717 68686868, 0.278556 0.600961 68686868, 0.281312 0.200316 68686868
0.663625 0.081332 69696969, 0.663590 0.085715 69696969, 0.659207 0.028583 69696969
0.346202 0.967254 6A6A6A6A, 0.346331 0.959268 6A6A6A6A, 0.354316 0.319713 6A6A6A6A
0.796503 0.393414 6B6B6B6B, 0.796463 0.398109 6B6B6B6B, 0.791768 0.132716 6B6B6B6B
0.991607 0.710166 6C6C6C6C, 0.991604 0.708774 6C6C6C6C, 0.990212 0.236257 6C6C6C6C
0.521256 0.441328 6D6D6D6D, 0.521229 0.445235 6D6D6D6D, 0.517322 0.148421 6D6D6D6D
0.459395 0.197729 6E6E6E6E, 0.459399 0.199294 6E6E6E6E, 0.460964 0.066433 6E6E6E6E
0.970641 0.964873 6F6F6F6F, 0.970401 0.955028 6F6F6F6F, 0.960556 0.318263 6F6F6F6F
0.201941 0.412519 70707070, 0.202137 0.421852 70707070, 0.211471 0.140683 70707070
0.666036 0.538194 71717171, 0.665878 0.529535 71717171, 0.657219 0.176459 71717171
0.690146 0.768578 72727272, 0.690103 0.763730 72727272, 0.685255 0.254562 72727272
0.275704 0.650746 73737373, 0.275833 0.642761 73737373, 0.283818 0.214211 73737373
0.538896 0.136845 74747474, 0.538895 0.137717 74747474, 0.538023 0.045906 74747474
0.084323 0.435499 75757575, 0.084343 0.438919 75757575, 0.087764 0.146313 75757575
0.523972 0.103580 76767676, 0.523894 0.110007 76767676, 0.517467 0.036695 76767676
0.873531 0.695364 77777777, 0.873529 0.694146 77777777, 0.872310 0.231381 77777777
0.841060 0.157903 78787878, 0.841051 0.160152 78787878, 0.838801 0.053387 78787878
0.977996 0.683645 79797979, 0.977944 0.678346 79797979, 0.972646 0.226098 79797979
0.218116 0.725547 7A7A7A7A, 0.218116 0.725198 7A7A7A7A, 0.218465 0.241733 7A7A7A7A
0.268014 0.137394 7B7B7B7B, 0.268015 0.138266 7B7B7B7B, 0.268886 0.046089 7B7B7B7B
0.861751 0.857631 7C7C7C7C, 0.861728 0.854048 7C7C7C7C, 0.858145 0.284675 7C7C7C7C
0.842158 0.960845 7D7D7D7D, 0.842017 0.952556 7D7D7D7D, 0.833728 0.317471 7D7D7D7D
0.320505 0.074007 7E7E7E7E, 0.320722 0.083618 7E7E7E7E, 0.330332 0.027945 7E7E7E7E
0.419141 0.342509 7F7F7F7F, 0.419304 0.351254 7F7F7F7F, 0.428048 0.117139 7F7F7F7F
0.812525 0.470168 80808080, 0.812308 0.479778 80808080, 0.802698 0.159998 80808080
0.920194 0.583117 81818181, 0.919950 0.573243 81818181, 0.910077 0.191000 81818181
0.010956 0.857173 82828282, 0.011136 0.848112 82828282, 0.020197 0.282644 82828282
0.655995 0.139348 83838383, 0.655924 0.145504 83838383, 0.649768 0.048525 83838383
0.337931 0.532090 84848484, 0.338124 0.522820 84848484, 0.347393 0.174209 84848484
0.004517 0.977569 85858585, 0.004757 0.967724 85858585, 0.014602 0.322495 85858585
0.108371 0.404950 86868686, 0.108373 0.405995 86868686, 0.109418 0.135332 86868686
0.607288 0.903012 87878787, 0.607179 0.895581 87878787, 0.599748 0.298491 87878787
0.015992 0.756035 88888888, 0.016125 0.747946 88888888, 0.024214 0.249271 88888888
0.051607 0.711814 89898989, 0.051655 0.706664 89898989, 0.056806 0.235538 89898989
0.087710 0.993255 8A8A8A8A, 0.087789 0.986828 8A8A8A8A, 0.094216 0.328917 8A8A8A8A
0.868221 0.429395 8B8B8B8B, 0.868112 0.436826 8B8B8B8B, 0.860682 0.145645 8B8B8B8B
0.977722 0.547441 8C8C8C8C, 0.977601 0.539670 8C8C8C8C, 0.969830 0.179850 8C8C8C8C
0.580340 0.174108 8D8D8D8D, 0.580135 0.183561 8D8D8D8D, 0.570683 0.061255 8D8D8D8D
0.950407 0.607379 8E8E8E8E, 0.950258 0.598900 8E8E8E8E, 0.941778 0.199583 8E8E8E8E
0.622486 0.944426 8F8F8F8F, 0.622440 0.939426 8F8F8F8F, 0.617441 0.313127 8F8F8F8F
0.739372 0.882290 90909090, 0.739118 0.872348 90909090, 0.729176 0.290698 90909090
0.322123 0.497665 91919191, 0.322178 0.503111 91919191, 0.327624 0.167722 91919191
0.292154 0.113956 92929292, 0.292163 0.116206 92929292, 0.294412 0.038738 92929292
0.937925 0.091556 93939393, 0.937867 0.097147 93939393, 0.932276 0.032402 93939393
0.841700 0.764794 94949494, 0.841698 0.763575 94949494, 0.840479 0.254524 94949494
0.092166 0.822504 95959595, 0.092175 0.820255 95959595, 0.094424 0.273415 95959595
0.411786 0.309549 96969696, 0.411861 0.315842 96969696, 0.418154 0.105306 96969696
0.955016 0.241951 97979797, 0.954840 0.250937 97979797, 0.945854 0.083704 97979797
0.389233 0.984436 98989898, 0.389408 0.975449 98989898, 0.398395 0.325091 98989898
0.349590 0.489395 99999999, 0.349818 0.499136 99999999, 0.359559 0.166455 99999999
0.804682 0.815027 9A9A9A9A, 0.804677 0.813463 9A9A9A9A, 0.803113 0.271153 9A9A9A9A
0.686453 0.970244 9B9B9B9B, 0.686311 0.961955 9B9B9B9B, 0.678022 0.320605 9B9B9B9B
0.083926 0.389935 9C9C9C9C, 0.083929 0.391327 9C9C9C9C, 0.085321 0.130443 9C9C9C9C
0.416272 0.258797 9D9D9D9D, 0.416321 0.263947 9D9D9D9D, 0.421471 0.087999 9D9D9D9D
0.884762 0.284402 9E9E9E9E, 0.884558 0.293855 9E9E9E9E, 0.875105 0.098020 9E9E9E9E
0.647023 0.040223 9F9F9F9F, 0.646869 0.048794 9F9F9F9F, 0.638299 0.016316 9F9F9F9F
0.846583 0.400220 A0A0A0A0, 0.846379 0.409673 A0A0A0A0, 0.836926 0.136626 A0A0A0A0
0.822321 0.149327 A1A1A1A1, 0.822321 0.149502 A1A1A1A1, 0.822147 0.049834 A1A1A1A1
0.278909 0.897122 A2A2A2A2, 0.278957 0.891972 A2A2A2A2, 0.284107 0.297308 A2A2A2A2
0.032044 0.744316 A3A3A3A3, 0.032082 0.739776 A3A3A3A3, 0.036622 0.246580 A3A3A3A3
0.619831 0.969756 A4A4A4A4, 0.619576 0.959814 A4A4A4A4, 0.609635 0.319853 A4A4A4A4
0.747368 0.988739 A5A5A5A5, 0.747353 0.985815 A5A5A5A5, 0.744429 0.328600 A5A5A5A5
0.537339 0.601825 A6A6A6A6, 0.537075 0.591842 A6A6A6A6, 0.527092 0.197193 A6A6A6A6
0.663686 0.939879 A7A7A7A7, 0.663540 0.931493 A7A7A7A7, 0.655155 0.310449 A7A7A7A7
0.446944 0.728324 A8A8A8A8, 0.447127 0.719191 A8A8A8A8, 0.456261 0.239669 A8A8A8A8
0.026337 0.271615 A9A9A9A9, 0.026372 0.275998 A9A9A9A9, 0.030756 0.092011 A9A9A9A9
0.603504 0.081179 AAAAAAAA, 0.603476 0.085086 AAAAAAAA, 0.599569 0.028371 AAAAAAAA
0.423322 0.626637 ABABABAB, 0.423514 0.617367 ABABABAB, 0.432784 0.205725 ABABABAB
0.419080 0.513016 ACACACAC, 0.419085 0.511280 ACACACAC, 0.420822 0.170425 ACACACAC
0.688498 0.417890 ADADADAD, 0.688348 0.426369 ADADADAD, 0.679869 0.142173 ADADADAD
0.887875 0.906095 AEAEAEAE, 0.887774 0.898902 AEAEAEAE, 0.880582 0.299600 AEAEAEAE
0.389203 0.409314 AFAFAFAF, 0.389390 0.418517 AFAFAFAF, 0.398594 0.139568 AFAFAFAF
0.586138 0.011750 B0B0B0B0, 0.585951 0.020953 B0B0B0B0, 0.576747 0.007047 B0B0B0B0
0.498001 0.024842 B1B1B1B1, 0.498009 0.026921 B1B1B1B1, 0.500088 0.008976 B1B1B1B1
0.288736 0.847957 B2B2B2B2, 0.288737 0.847085 B2B2B2B2, 0.289609 0.282361 B2B2B2B2
0.397870 0.688009 B3B3B3B3, 0.397902 0.683783 B3B3B3B3, 0.402128 0.227917 B3B3B3B3
0.423688 0.736747 B4B4B4B4, 0.423838 0.728268 B4B4B4B4, 0.432317 0.242706 B4B4B4B4
0.465896 0.207495 B5B5B5B5, 0.465960 0.213373 B5B5B5B5, 0.471838 0.071146 B5B5B5B5
0.004089 0.818110 B6B6B6B6, 0.004091 0.817064 B6B6B6B6, 0.005137 0.272354 B6B6B6B6
0.247963 0.921567 B7B7B7B7, 0.247963 0.921044 B7B7B7B7, 0.248487 0.307015 B7B7B7B7
0.950652 0.046754 B8B8B8B8, 0.950645 0.048662 B8B8B8B8, 0.948737 0.016223 B8B8B8B8
0.800928 0.620350 B9B9B9B9, 0.800927 0.619652 B9B9B9B9, 0.800229 0.206550 B9B9B9B9
0.478378 0.402844 BABABABA, 0.478380 0.403890 BABABABA, 0.479425 0.134631 BABABABA
0.265847 0.806482 BBBBBBBB, 0.265915 0.800464 BBBBBBBB, 0.271932 0.266799 BBBBBBBB
0.090884 0.437147 BCBCBCBC, 0.090892 0.439226 BCBCBCBC, 0.092971 0.146411 BCBCBCBC
0.268838 0.254677 BDBDBDBD, 0.268838 0.254851 BDBDBDBD, 0.269012 0.084951 BDBDBDBD
0.327464 0.462844 BEBEBEBE, 0.327668 0.472297 BEBEBEBE, 0.337121 0.157500 BEBEBEBE
0.450606 0.715842 BFBFBFBF, 0.450751 0.707457 BFBFBFBF, 0.459137 0.235770 BFBFBFBF
0.372967 0.816065 C0C0C0C0, 0.373071 0.808752 C0C0C0C0, 0.380384 0.269549 C0C0C0C0
0.428602 0.604968 C1C1C1C1, 0.428645 0.600121 C1C1C1C1, 0.433493 0.200026 C1C1C1C1
0.586322 0.765954 C2C2C2C2, 0.586320 0.765082 C2C2C2C2, 0.585449 0.255027 C2C2C2C2
0.918638 0.241585 C3C3C3C3, 0.918580 0.247176 C3C3C3C3, 0.912988 0.082411 C3C3C3C3
0.561205 0.985717 C4C4C4C4, 0.561202 0.984499 C4C4C4C4, 0.559984 0.328165 C4C4C4C4
0.714347 0.298013 C5C5C5C5, 0.714111 0.307827 C5C5C5C5, 0.704297 0.102688 C5C5C5C5
0.122257 0.121647 C6C6C6C6, 0.122522 0.131630 C6C6C6C6, 0.132505 0.043965 C6C6C6C6
0.865108 0.184240 C7C7C7C7, 0.865076 0.188466 C7C7C7C7, 0.860850 0.062833 C7C7C7C7
0.312296 0.047639 C8C8C8C8, 0.312524 0.057380 C8C8C8C8, 0.322265 0.019203 C8C8C8C8
0.831690 0.779077 C9C9C9C9, 0.831478 0.769516 C9C9C9C9, 0.821917 0.256434 C9C9C9C9
0.558336 0.986724 CACACACA, 0.558165 0.977816 CACACACA, 0.549257 0.325882 CACACACA
0.762322 0.833552 CBCBCBCB, 0.762193 0.825567 CBCBCBCB, 0.754208 0.275146 CBCBCBCB
0.451247 0.950377 CCCCCCCC, 0.451248 0.949505 CCCCCCCC, 0.452120 0.316501 CCCCCCCC
0.437269 0.147954 CDCDCDCD, 0.437482 0.157514 CDCDCDCD, 0.447043 0.052576 CDCDCDCD
0.549913 0.009613 CECECECE, 0.549824 0.016433 CECECECE, 0.543004 0.005507 CECECECE
0.012818 0.883694 CFCFCFCF, 0.012827 0.881444 CFCFCFCF, 0.015076 0.293812 CFCFCFCF
0.959838 0.898434 D0D0D0D0, 0.959709 0.890449 D0D0D0D0, 0.951723 0.296773 D0D0D0D0
0.570330 0.739616 D1D1D1D1, 0.570193 0.731426 D1D1D1D1, 0.562002 0.243763 D1D1D1D1
0.758751 0.483871 D2D2D2D2, 0.758601 0.492350 D2D2D2D2, 0.750122 0.164167 D2D2D2D2
0.776421 0.827479 D3D3D3D3, 0.776197 0.817779 D3D3D3D3, 0.766496 0.272518 D3D3D3D3
0.271920 0.841578 D4D4D4D4, 0.272185 0.831596 D4D4D4D4, 0.282167 0.277110 D4D4D4D4
0.804926 0.542375 D5D5D5D5, 0.804847 0.535948 D5D5D5D5, 0.798420 0.178623 D5D5D5D5
0.368023 0.177801 D6D6D6D6, 0.368198 0.186787 D6D6D6D6, 0.377184 0.062321 D6D6D6D6
0.189764 0.172338 D7D7D7D7, 0.189796 0.176564 D7D7D7D7, 0.194022 0.058865 D7D7D7D7
